282
655
1919
2449
3994
4219
5933
7631
8165
8560
11546
12209
12214
12310
12824
16062
16859
16963
19857
20118
22609
22759
25891
34997
35274
37691
38242
38276
43640
43812
46608
51634
54503
57560
61381
61482
64888
68709
72435
74694
75279
75409
75664
76297
76700
77959
78032
79803
82363
84527
90667
91685
96724
98481
99060
99425
100234
100859
106223
106965
109094
109822
110271
111258
113365
116179
118646
119116
120604
122972
123104
123235
123407
127408
129239
130755
132461
132928
135203
135647
135956
137747
137832
139916
145736
147243
147892
153816
155022
155047
158009
158557
159299
164206
165028
165957
165985
167864
170830
171117
176908
180042
185826
185932
189915
194228
195160
195713
197848
199178
199200
199908
199921
202501
204193
209966
214011
214229
214586
214867
217065
217295
217484
220690
220722
223208
225982
226008
228286
229410
231454
231675
232564
233822
238605
238703
239720
241728
242835
248687
254060
255054
257247
260915
262962
263381
264082
266208
266360
270221
271934
274449
277740
278168
279180
284113
284902
285577
286143
287011
288123
288148
288191
289544
289820
289895
297749
299866
302385
306804
307451
308370
311176
311859
312484
313043
315973
317878
321959
322372
324354
324846
326131
327858
328638
330754
331208
331351
331947
332345
332615
332621
339395
344215
345425
345429
345857
346481
348287
351866
352586
353202
353718
355844
365667
367550
371196
371926
372654
373049
374328
375130
378239
380251
380941
391654
393623
394781
398013
401355
406364
407134
409035
409580
411447
412219
413745
414198
414247
419296
419958
420531
420930
421176
421294
422126
422385
424452
424861
425835
430083
430684
432654
433701
433886
435192
436632
437000
437118
438972
439208
439856
440473
442129
443682
445552
446573
446883
447159
449091
449276
452271
452384
456664
457747
460835
466636
466793
468725
470690
474368
475067
476921
477743
479422
482315
483783
484960
485886
487773
488784
489599
493865
494659
495526
496530
497729
502146
502397
503045
503682
504091
504506
504597
505156
505840
506000
506025
507740
508059
508871
509713
512137
512356
512959
513858
514578
515325
515457
515641
515979
517609
517616
521598
522575
522603
523504
523759
524253
525438
526933
527636
528067
531764
531912
532263
534126
534769
536579
539759
540760
540832
542911
543668
545231
546508
549123
550299
552353
557549
559519
560177
563283
565069
566377
567125
569075
570906
570912
573322
576145
577724
580947
582933
585999
588092
588794
588820
588842
588877
590861
592283
592724
594636
595163
597035
597051
597833
597845
598673
598799
599026
600490
600686
602927
603788
604562
606682
607085
607701
611212
613388
613400
613766
613936
614269
615842
619634
620652
623322
624027
624223
624621
625106
625908
628498
628880
631688
632659
635606
637587
638626
642074
644960
646266
651665
651985
654081
656276
657434
663501
666318
667323
667340
675874
677450
677498
677552
680106
681885
683425
684418
685766
686878
686937
687839
688866
691418
694109
695364
696603
697984
702020
703711
703866
705578
708012
708905
709307
709817
711279
711544
711602
712032
712446
715824
717761
718510
719880
719968
720011
721026
721609
721837
724617
731727
731931
732747
733765
734384
734434
736607
737518
740521
743464
747307
748541
749382
752604
752650
754008
758818
759435
762615
768541
769504
769988
772839
775119
777027
777181
778508
790987
792233
792266
792700
792859
797664
801622
803593
803671
804855
805685
808924
809930
811475
812529
813097
813327
829358